[gd_scene load_steps=11 format=3 uid="uid://iok7mad6ntj0"]

[ext_resource type="Script" path="res://GreenLevel/GreenScripts/green_level_manager.gd" id="1_eepxb"]
[ext_resource type="PackedScene" uid="uid://cftr6ie1o3auk" path="res://Common/Scenes/Objects/portal_back_lobby.tscn" id="2_2wu0v"]
[ext_resource type="PackedScene" uid="uid://du80smrse61sd" path="res://GreenLevel/GreenScenes/green_ui.tscn" id="2_kjlh8"]
[ext_resource type="AudioStream" uid="uid://b5o8ebu06qfd4" path="res://GreenLevel/GreenAssests/Sounds/John_Bartmann_-_01_-_Mad_Hatter_Tea_Party(chosic.com).mp3" id="3_10xsl"]
[ext_resource type="AudioStream" uid="uid://bd7mcvk2qaio8" path="res://GreenLevel/GreenAssests/Sounds/zapsplat_nature_rainforest_evening_cicada_insects_birds_distant_echos_28312.mp3" id="4_c4xmg"]
[ext_resource type="PackedScene" uid="uid://c7i1s2j7kcomy" path="res://GreenLevel/GreenScenes/green_gem_shard.tscn" id="6_7xxkl"]
[ext_resource type="PackedScene" uid="uid://ciyrf8dluo1te" path="res://GreenLevel/green_level_TEMPLATE_MAP.tscn" id="7_vwh2d"]
[ext_resource type="PackedScene" uid="uid://btkaplwamuj6s" path="res://GreenLevel/Venom/Venom2 2018.tscn" id="8_wmeik"]

[sub_resource type="BoxMesh" id="BoxMesh_wxvvx"]
size = Vector3(1, 3, 3)

[sub_resource type="ConvexPolygonShape3D" id="ConvexPolygonShape3D_nxt5b"]
points = PackedVector3Array(-0.5, -1.45426, -1.45426, 0.5, 1.45426, 1.45426, 0.5, 1.45426, -1.45426, -0.5, 1.45426, 1.45426, 0.5, -1.45426, 1.45426, -0.5, 1.45426, -1.45426, 0.5, -1.45426, -1.45426, -0.5, -1.45426, 1.45426)

[node name="GreenLevel2" type="Node3D"]
script = ExtResource("1_eepxb")

[node name="DirectionalLight3D" type="DirectionalLight3D" parent="."]
transform = Transform3D(-0.866023, -0.433016, 0.250001, 0, 0.499998, 0.866027, -0.500003, 0.749999, -0.43301, 0, 0, 0)
shadow_enabled = true

[node name="Green_UI" parent="." instance=ExtResource("2_kjlh8")]

[node name="SoundPlayers" type="Node" parent="."]

[node name="BGM-Player" type="AudioStreamPlayer2D" parent="SoundPlayers"]
stream = ExtResource("3_10xsl")
autoplay = true

[node name="Ambience-Player" type="AudioStreamPlayer2D" parent="SoundPlayers"]
stream = ExtResource("4_c4xmg")
volume_db = -10.0
autoplay = true

[node name="PortalBackLobby" parent="." instance=ExtResource("2_2wu0v")]
transform = Transform3D(1, 0, 0, 0, -4.37114e-08, -1, 0, 1, -4.37114e-08, 2.8313, 7.85661, -3.21156)

[node name="PortalBackLobby2" parent="." instance=ExtResource("2_2wu0v")]
transform = Transform3D(0.121194, 0, 0.992629, 0, 1, 0, -0.992629, 0, 0.121194, -93.7778, -130.289, 87.2617)

[node name="GreenLevel" parent="." instance=ExtResource("7_vwh2d")]

[node name="Venom 2018" parent="." instance=ExtResource("8_wmeik")]
transform = Transform3D(0.5, 0, 0, 0, 0.0487914, 0.497614, 0, -0.497614, 0.0487914, 2.82694, 6.47743, -0.701547)

[node name="FinishArea" type="Area3D" parent="."]
transform = Transform3D(0.996998, 0, -0.0774325, 0, 1, 0, 0.0774325, 0, 0.996998, -65.6976, -118.756, 90.9285)

[node name="Finish" type="MeshInstance3D" parent="FinishArea"]
visible = false
mesh = SubResource("BoxMesh_wxvvx")
skeleton = NodePath("../..")

[node name="CollisionShape3D" type="CollisionShape3D" parent="FinishArea"]
shape = SubResource("ConvexPolygonShape3D_nxt5b")

[node name="RewardSpawnPoint" type="Node" parent="."]

[node name="Gem" type="Node3D" parent="."]

[node name="gem_shard" parent="Gem" instance=ExtResource("6_7xxkl")]
transform = Transform3D(1, 0, 0, 0, 1, 0, 0, 0, 1, 3.24856, -0.939539, 1.9899)

[node name="gem_shard2" parent="Gem" instance=ExtResource("6_7xxkl")]
transform = Transform3D(1, 0, 0, 0, 1, 0, 0, 0, 1, 3.14006, -1.89101, 9.7186)

[node name="gem_shard3" parent="Gem" instance=ExtResource("6_7xxkl")]
transform = Transform3D(1, 0, 0, 0, 1, 0, 0, 0, 1, 1.8089, -3.03829, 16.3824)

[node name="gem_shard4" parent="Gem" instance=ExtResource("6_7xxkl")]
transform = Transform3D(1, 0, 0, 0, 1, 0, 0, 0, 1, -1.88663, -4.8082, 21.0004)

[node name="gem_shard5" parent="Gem" instance=ExtResource("6_7xxkl")]
transform = Transform3D(0.99998, -0.00626569, 0, 0.00626569, 0.99998, 0, 0, 0, 1, -5.52256, -6.20032, 22.7097)

[node name="gem_shard6" parent="Gem" instance=ExtResource("6_7xxkl")]
transform = Transform3D(0.99998, -0.00626569, 0, 0.00626569, 0.99998, 0, 0, 0, 1, -10.6324, -8.20787, 23.7157)

[node name="gem_shard7" parent="Gem" instance=ExtResource("6_7xxkl")]
transform = Transform3D(0.99998, -0.00626569, 0, 0.00626569, 0.99998, 0, 0, 0, 1, -22.7559, -11.6515, 20.0533)

[node name="gem_shard8" parent="Gem" instance=ExtResource("6_7xxkl")]
transform = Transform3D(0.99998, -0.00626569, 0, 0.00626569, 0.99998, 0, 0, 0, 1, -29.8275, -13.1408, 17.1056)

[node name="gem_shard9" parent="Gem" instance=ExtResource("6_7xxkl")]
transform = Transform3D(0.99998, -0.00626569, 0, 0.00626569, 0.99998, 0, 0, 0, 1, -36.1841, -16.6186, 9.95537)

[node name="gem_shard10" parent="Gem" instance=ExtResource("6_7xxkl")]
transform = Transform3D(0.99998, -0.00626569, 0, 0.00626569, 0.99998, 0, 0, 0, 1, -35.5566, -21.3219, 1.42034)

[node name="gem_shard11" parent="Gem" instance=ExtResource("6_7xxkl")]
transform = Transform3D(0.99998, -0.00626569, 0, 0.00626569, 0.99998, 0, 0, 0, 1, -32.7751, -24.1583, -2.60333)

[node name="gem_shard12" parent="Gem" instance=ExtResource("6_7xxkl")]
transform = Transform3D(0.99821, -0.0062546, 0.0594806, 0.00626569, 0.99998, 0, -0.0594794, 0.000372687, 0.998229, -29.4233, -25.6879, -5.6464)

[node name="gem_shard13" parent="Gem" instance=ExtResource("6_7xxkl")]
transform = Transform3D(0.99821, -0.0062546, 0.0594806, 0.00626569, 0.99998, 0, -0.0594794, 0.000372687, 0.998229, -27.41, -26.5264, -7.35874)

[node name="gem_shard14" parent="Gem" instance=ExtResource("6_7xxkl")]
transform = Transform3D(0.99821, -0.0062546, 0.0594806, 0.00626569, 0.99998, 0, -0.0594794, 0.000372687, 0.998229, -24.3988, -27.77, -10.0516)

[node name="gem_shard15" parent="Gem" instance=ExtResource("6_7xxkl")]
transform = Transform3D(0.99821, -0.0062546, 0.0594806, 0.00626569, 0.99998, 0, -0.0594794, 0.000372687, 0.998229, -21.5673, -28.9424, -12.5118)

[node name="gem_shard16" parent="Gem" instance=ExtResource("6_7xxkl")]
transform = Transform3D(0.99821, -0.0062546, 0.0594806, 0.00626569, 0.99998, 0, -0.0594794, 0.000372687, 0.998229, -11.4638, -33.3279, -14.6865)

[node name="gem_shard17" parent="Gem" instance=ExtResource("6_7xxkl")]
transform = Transform3D(0.99821, -0.0062546, 0.0594806, 0.00626569, 0.99998, 0, -0.0594794, 0.000372687, 0.998229, -8.56613, -34.6422, -13.2861)

[node name="gem_shard18" parent="Gem" instance=ExtResource("6_7xxkl")]
transform = Transform3D(0.99821, -0.0062546, 0.0594806, 0.00626569, 0.99998, 0, -0.0594794, 0.000372687, 0.998229, -6.98298, -35.4283, -12.1797)

[connection signal="collected" from="Gem/gem_shard" to="." method="_on_gem_shard_collected"]
[connection signal="collected" from="Gem/gem_shard" to="Green_UI" method="_on_gem_shard_collected"]
[connection signal="collected" from="Gem/gem_shard2" to="." method="_on_gem_shard_collected"]
[connection signal="collected" from="Gem/gem_shard2" to="Green_UI" method="_on_gem_shard_collected"]
[connection signal="collected" from="Gem/gem_shard3" to="." method="_on_gem_shard_collected"]
[connection signal="collected" from="Gem/gem_shard3" to="Green_UI" method="_on_gem_shard_collected"]
[connection signal="collected" from="Gem/gem_shard4" to="." method="_on_gem_shard_collected"]
[connection signal="collected" from="Gem/gem_shard4" to="Green_UI" method="_on_gem_shard_collected"]
[connection signal="collected" from="Gem/gem_shard5" to="." method="_on_gem_shard_collected"]
[connection signal="collected" from="Gem/gem_shard5" to="Green_UI" method="_on_gem_shard_collected"]
[connection signal="collected" from="Gem/gem_shard6" to="." method="_on_gem_shard_collected"]
[connection signal="collected" from="Gem/gem_shard6" to="Green_UI" method="_on_gem_shard_collected"]
[connection signal="collected" from="Gem/gem_shard7" to="." method="_on_gem_shard_collected"]
[connection signal="collected" from="Gem/gem_shard7" to="Green_UI" method="_on_gem_shard_collected"]
[connection signal="collected" from="Gem/gem_shard8" to="." method="_on_gem_shard_collected"]
[connection signal="collected" from="Gem/gem_shard8" to="Green_UI" method="_on_gem_shard_collected"]
[connection signal="collected" from="Gem/gem_shard9" to="." method="_on_gem_shard_collected"]
[connection signal="collected" from="Gem/gem_shard9" to="Green_UI" method="_on_gem_shard_collected"]
[connection signal="collected" from="Gem/gem_shard10" to="." method="_on_gem_shard_collected"]
[connection signal="collected" from="Gem/gem_shard10" to="Green_UI" method="_on_gem_shard_collected"]
[connection signal="collected" from="Gem/gem_shard11" to="." method="_on_gem_shard_collected"]
[connection signal="collected" from="Gem/gem_shard11" to="Green_UI" method="_on_gem_shard_collected"]
[connection signal="collected" from="Gem/gem_shard12" to="." method="_on_gem_shard_collected"]
[connection signal="collected" from="Gem/gem_shard12" to="Green_UI" method="_on_gem_shard_collected"]
[connection signal="collected" from="Gem/gem_shard13" to="." method="_on_gem_shard_collected"]
[connection signal="collected" from="Gem/gem_shard13" to="Green_UI" method="_on_gem_shard_collected"]
[connection signal="collected" from="Gem/gem_shard14" to="." method="_on_gem_shard_collected"]
[connection signal="collected" from="Gem/gem_shard14" to="Green_UI" method="_on_gem_shard_collected"]
[connection signal="collected" from="Gem/gem_shard15" to="." method="_on_gem_shard_collected"]
[connection signal="collected" from="Gem/gem_shard15" to="Green_UI" method="_on_gem_shard_collected"]
[connection signal="collected" from="Gem/gem_shard16" to="." method="_on_gem_shard_collected"]
[connection signal="collected" from="Gem/gem_shard16" to="Green_UI" method="_on_gem_shard_collected"]
[connection signal="collected" from="Gem/gem_shard17" to="." method="_on_gem_shard_collected"]
[connection signal="collected" from="Gem/gem_shard17" to="Green_UI" method="_on_gem_shard_collected"]
[connection signal="collected" from="Gem/gem_shard18" to="." method="_on_gem_shard_collected"]
[connection signal="collected" from="Gem/gem_shard18" to="Green_UI" method="_on_gem_shard_collected"]
