[gd_resource type="Skin" format=3 uid="uid://bapcxrwk7jk2l"]

[resource]
resource_name = "Skin"
bind_count = 66
bind/0/name = &"Hips"
bind/0/bone = -1
bind/0/pose = Transform3D(1, 0, 0, 0, 1, 0, 0, 0, 1, 0, 0, 0)
bind/1/name = &"Spine"
bind/1/bone = -1
bind/1/pose = Transform3D(1, 0, 0, 0, 1, 0, 0, 0, 1, -0.00181411, -1.03174, -0.0185371)
bind/2/name = &"Spine1"
bind/2/bone = -1
bind/2/pose = Transform3D(1, 0, 0, 0, 0.982766, -0.184854, 0, 0.184854, 0.982766, -0.00181411, -1.09952, -0.208938)
bind/3/name = &"Spine2"
bind/3/bone = -1
bind/3/pose = Transform3D(1, 0, 0, 0, 0.982766, -0.184854, 0, 0.184854, 0.982766, -0.00181411, -1.20334, -0.208938)
bind/4/name = &"Neck"
bind/4/bone = -1
bind/4/pose = Transform3D(1, 0, 0, 0, 0.982766, -0.184854, 0, 0.184854, 0.982766, -0.00181411, -1.322, -0.208938)
bind/5/name = &"Neck"
bind/5/bone = 0
bind/5/pose = Transform3D(1, 0, 0, 0, 1, 2.77556e-17, 0, -2.77556e-17, 1, -0.00181411, -1.46902, 0.0637147)
bind/6/name = &"Head"
bind/6/bone = -1
bind/6/pose = Transform3D(1, 0, 0, 0, 1, 2.77556e-17, 0, -2.77556e-17, 1, -0.00181411, -1.55423, 0.0338222)
bind/7/name = &"HeadTop_End"
bind/7/bone = -1
bind/7/pose = Transform3D(1, 0, 0, 0, 1, 0, 0, 0, 1, 0, 0, 0)
bind/8/name = &"LeftShoulder"
bind/8/bone = -1
bind/8/pose = Transform3D(-0.0586232, -0.184816, -0.981023, 0.955094, -0.296299, -0.00125364, -0.290444, -0.937043, 0.193887, 0.209062, 0.365714, 1.38923)
bind/9/name = &"LeftArm"
bind/9/bone = -1
bind/9/pose = Transform3D(-0.170407, -0.148732, -0.974084, 0.763163, -0.645258, -0.0349845, -0.623333, -0.749347, 0.223463, 0.180627, 0.756776, 1.1921)
bind/10/name = &"LeftForeArm"
bind/10/bone = -1
bind/10/pose = Transform3D(0.0387269, -0.315008, -0.948299, 0.742519, -0.626012, 0.238273, -0.668705, -0.713357, 0.209656, 0.305074, 0.496728, 1.16461)
bind/11/name = &"LeftHand"
bind/11/bone = -1
bind/11/pose = Transform3D(0.179896, -0.12974, -0.975092, 0.611734, -0.761516, 0.214183, -0.770337, -0.635028, -0.0576269, 0.0221294, 0.459939, 1.13738)
bind/12/name = &"LeftHandThumb1"
bind/12/bone = -1
bind/12/pose = Transform3D(0.55661, -0.625604, -0.54663, 0.038928, -0.637614, 0.769372, -0.829861, -0.449519, -0.330549, 0.335066, 0.619152, 0.969942)
bind/13/name = &"LeftHandThumb2"
bind/13/bone = -1
bind/13/pose = Transform3D(0.55661, -0.625604, -0.54663, -0.142864, -0.720254, 0.67884, -0.818398, -0.299755, -0.490277, 0.33297, 0.774825, 0.82081)
bind/14/name = &"LeftHandThumb3"
bind/14/bone = -1
bind/14/pose = Transform3D(0.55661, -0.625604, -0.54663, -0.123677, -0.713043, 0.690125, -0.821517, -0.316525, -0.47426, 0.338774, 0.710017, 0.837651)
bind/15/name = &"LeftHandThumb4"
bind/15/bone = -1
bind/15/pose = Transform3D(1, 0, 0, 0, 1, 0, 0, 0, 1, 0, 0, 0)
bind/16/name = &"LeftHandIndex1"
bind/16/bone = -1
bind/16/pose = Transform3D(0.225443, -0.186707, -0.956199, 0.638919, -0.712607, 0.289782, -0.735498, -0.676263, -0.0413617, 0.0923257, 0.277007, 1.15129)
bind/17/name = &"LeftHandIndex2"
bind/17/bone = -1
bind/17/pose = Transform3D(0.225443, -0.186707, -0.956199, 0.475345, -0.835638, 0.275239, -0.850425, -0.516575, -0.0996384, 0.0919963, 0.464173, 1.07927)
bind/18/name = &"LeftHandIndex3"
bind/18/bone = -1
bind/18/pose = Transform3D(0.225443, -0.186707, -0.956199, 0.488514, -0.827503, 0.276755, -0.842929, -0.529509, -0.0953458, 0.0922002, 0.408018, 1.08575)
bind/19/name = &"LeftHandIndex4"
bind/19/bone = -1
bind/19/pose = Transform3D(1, 0, 0, 0, 1, 0, 0, 0, 1, 0, 0, 0)
bind/20/name = &"LeftHandMiddle1"
bind/20/bone = -1
bind/20/pose = Transform3D(0.114961, -0.0494224, -0.99214, 0.626257, -0.771674, 0.111005, -0.771094, -0.634096, -0.0577611, -0.00189022, 0.353129, 1.14051)
bind/21/name = &"LeftHandMiddle2"
bind/21/bone = -1
bind/21/pose = Transform3D(0.114961, -0.0494224, -0.99214, 0.571625, -0.81354, 0.106761, -0.812421, -0.579406, -0.0652741, -0.00184139, 0.385513, 1.1166)
bind/22/name = &"LeftHandMiddle3"
bind/22/bone = -1
bind/22/pose = Transform3D(0.114961, -0.0494224, -0.99214, 0.718181, -0.685884, 0.117383, -0.686294, -0.726031, -0.0433555, -0.00166669, 0.120403, 1.16194)
bind/23/name = &"LeftHandMiddle4"
bind/23/bone = -1
bind/23/pose = Transform3D(1, 0, 0, 0, 1, 0, 0, 0, 1, 0, 0, 0)
bind/24/name = &"LeftHandRing1"
bind/24/bone = -1
bind/24/pose = Transform3D(0.0470779, 0.0334864, -0.99833, 0.600231, -0.799826, 0.00147683, -0.79844, -0.599298, -0.0577537, -0.0688857, 0.395221, 1.12207)
bind/25/name = &"LeftHandRing2"
bind/25/bone = -1
bind/25/pose = Transform3D(0.0470779, 0.0334864, -0.99833, 0.525786, -0.850609, -0.00373712, -0.849313, -0.524732, -0.0576516, -0.0689305, 0.452723, 1.08567)
bind/26/name = &"LeftHandRing3"
bind/26/bone = -1
bind/26/pose = Transform3D(0.0470779, 0.0334864, -0.99833, 0.61305, -0.79004, 0.00240958, -0.78864, -0.612139, -0.0577223, -0.0688277, 0.297331, 1.12362)
bind/27/name = &"LeftHandRing4"
bind/27/bone = -1
bind/27/pose = Transform3D(1, 0, 0, 0, 1, 0, 0, 0, 1, 0, 0, 0)
bind/28/name = &"LeftHandPinky1"
bind/28/bone = -1
bind/28/pose = Transform3D(-0.0364074, 0.134032, -0.990308, 0.573452, -0.808771, -0.130545, -0.81843, -0.572647, -0.0474158, -0.138735, 0.424649, 1.10645)
bind/29/name = &"LeftHandPinky2"
bind/29/bone = -1
bind/29/pose = Transform3D(-0.0364074, 0.134032, -0.990308, 0.426059, -0.894308, -0.136703, -0.903963, -0.426906, -0.0245462, -0.138852, 0.566592, 1.02509)
bind/30/name = &"LeftHandPinky3"
bind/30/bone = -1
bind/30/pose = Transform3D(-0.0364074, 0.134032, -0.990308, 0.518041, -0.84489, -0.133396, -0.85458, -0.517877, -0.0386741, -0.138749, 0.422661, 1.07505)
bind/31/name = &"LeftHandPinky4"
bind/31/bone = -1
bind/31/pose = Transform3D(1, 0, 0, 0, 1, 0, 0, 0, 1, 0, 0, 0)
bind/32/name = &"RightShoulder"
bind/32/bone = -1
bind/32/pose = Transform3D(-0.0560544, 0.184838, 0.981169, -0.955094, -0.296299, 0.00125369, 0.290951, -0.937039, 0.193147, -0.208878, 0.36934, 1.38812)
bind/33/name = &"RightArm"
bind/33/bone = -1
bind/33/pose = Transform3D(-0.170768, 0.147776, 0.974167, -0.763138, -0.645237, -0.035896, 0.623264, -0.749554, 0.222959, -0.179225, 0.75948, 1.18997)
bind/34/name = &"RightForeArm"
bind/34/bone = -1
bind/34/pose = Transform3D(0.0368769, 0.312964, 0.949049, -0.743044, -0.626455, 0.235456, 0.668226, -0.713868, 0.209444, -0.303616, 0.499493, 1.16255)
bind/35/name = &"RightHand"
bind/35/bone = -1
bind/35/pose = Transform3D(0.171816, 0.129194, 0.976621, -0.628116, -0.749349, 0.209633, 0.758913, -0.64945, -0.0476017, -0.0264287, 0.43951, 1.14347)
bind/36/name = &"RightHandThumb1"
bind/36/bone = -1
bind/36/pose = Transform3D(0.576515, 0.636096, 0.512847, -0.0451421, -0.601899, 0.797295, 0.815839, -0.482804, -0.318289, -0.335645, 0.577483, 0.99447)
bind/37/name = &"RightHandThumb2"
bind/37/bone = -1
bind/37/pose = Transform3D(0.576515, 0.636096, 0.512847, 0.154076, -0.701025, 0.696293, 0.802428, -0.322406, -0.502159, -0.33262, 0.760482, 0.834955)
bind/38/name = &"RightHandThumb3"
bind/38/bone = -1
bind/38/pose = Transform3D(0.576515, 0.636096, 0.512847, 0.0818873, -0.669473, 0.738309, 0.812973, -0.383651, -0.438049, -0.334624, 0.638265, 0.895456)
bind/39/name = &"RightHandThumb4"
bind/39/bone = -1
bind/39/pose = Transform3D(1, 0, 0, 0, 1, 0, 0, 0, 1, 0, 0, 0)
bind/40/name = &"RightHandIndex1"
bind/40/bone = -1
bind/40/pose = Transform3D(0.26195, 0.237542, 0.935391, -0.606699, -0.71323, 0.351026, 0.750532, -0.659452, -0.0427145, -0.115841, 0.294014, 1.1455)
bind/41/name = &"RightHandIndex2"
bind/41/bone = -1
bind/41/pose = Transform3D(0.26195, 0.237542, 0.935391, -0.467371, -0.816771, 0.338303, 0.844361, -0.525793, -0.102933, -0.115533, 0.447226, 1.08437)
bind/42/name = &"RightHandIndex3"
bind/42/bone = -1
bind/42/pose = Transform3D(0.26195, 0.237542, 0.935391, -0.421343, -0.843835, 0.332285, 0.868247, -0.481162, -0.120956, -0.11564, 0.465636, 1.0609)
bind/43/name = &"RightHandIndex4"
bind/43/bone = -1
bind/43/pose = Transform3D(1, 0, 0, 0, 1, 0, 0, 0, 1, 0, 0, 0)
bind/44/name = &"RightHandMiddle1"
bind/44/bone = -1
bind/44/pose = Transform3D(0.12096, 0.068765, 0.990273, -0.667263, -0.73296, 0.132402, 0.734935, -0.676787, -0.0427744, -0.0141326, 0.286318, 1.15644)
bind/45/name = &"RightHandMiddle2"
bind/45/bone = -1
bind/45/pose = Transform3D(0.12096, 0.068765, 0.990273, -0.56554, -0.815088, 0.12568, 0.815802, -0.575242, -0.0597035, -0.0140194, 0.390683, 1.11496)
bind/46/name = &"RightHandMiddle3"
bind/46/bone = -1
bind/46/pose = Transform3D(0.12096, 0.068765, 0.990273, -0.624837, -0.769893, 0.129784, 0.771329, -0.634458, -0.0501592, -0.0141378, 0.264123, 1.13784)
bind/47/name = &"RightHandMiddle4"
bind/47/bone = -1
bind/47/pose = Transform3D(1, 0, 0, 0, 1, 0, 0, 0, 1, 0, 0, 0)
bind/48/name = &"RightHandRing1"
bind/48/bone = -1
bind/48/pose = Transform3D(0.063956, 0.00159047, 0.997951, -0.607307, -0.79345, 0.0401852, 0.791889, -0.608633, -0.04978, 0.0460713, 0.384382, 1.12645)
bind/49/name = &"RightHandRing2"
bind/49/bone = -1
bind/49/pose = Transform3D(0.063956, 0.00159047, 0.997951, -0.536158, -0.843362, 0.035705, 0.841692, -0.537343, -0.0530854, 0.0461103, 0.441174, 1.09223)
bind/50/name = &"RightHandRing3"
bind/50/bone = -1
bind/50/pose = Transform3D(0.063956, 0.00159047, 0.997951, -0.609457, -0.791793, 0.0403204, 0.790235, -0.610788, -0.0496706, 0.0460367, 0.301828, 1.12381)
bind/51/name = &"RightHandRing4"
bind/51/bone = -1
bind/51/pose = Transform3D(1, 0, 0, 0, 1, 0, 0, 0, 1, 0, 0, 0)
bind/52/name = &"RightHandPinky1"
bind/52/bone = -1
bind/52/pose = Transform3D(-0.0626286, -0.145554, 0.987366, -0.569405, -0.807288, -0.155125, 0.819668, -0.571926, -0.0323197, 0.132019, 0.423045, 1.1071)
bind/53/name = &"RightHandPinky2"
bind/53/bone = -1
bind/53/pose = Transform3D(-0.0626286, -0.145554, 0.987366, -0.42119, -0.89304, -0.158365, 0.904808, -0.425787, -0.00537605, 0.132061, 0.56672, 1.02543)
bind/54/name = &"RightHandPinky3"
bind/54/bone = -1
bind/54/pose = Transform3D(-0.0626286, -0.145554, 0.987366, -0.578366, -0.800963, -0.154761, 0.81337, -0.580751, -0.0340202, 0.131999, 0.338243, 1.10515)
bind/55/name = &"RightHandPinky4"
bind/55/bone = -1
bind/55/pose = Transform3D(1, 0, 0, 0, 1, 0, 0, 0, 1, 0, 0, 0)
bind/56/name = &"LeftUpLeg"
bind/56/bone = -1
bind/56/pose = Transform3D(-0.99633, -0.0853029, -0.00707005, 0.0855954, -0.992925, -0.0822953, -1.73922e-10, -0.0825985, 0.996583, 0.170537, 0.970213, 0.0639809)
bind/57/name = &"LeftLeg"
bind/57/bone = -1
bind/57/pose = Transform3D(-0.997966, -0.0635241, -0.00526498, 0.0637341, -0.993143, -0.0980031, 0.000996677, -0.0981394, 0.995172, 0.159452, 0.506543, 0.0719101)
bind/58/name = &"LeftFoot"
bind/58/bone = -1
bind/58/pose = Transform3D(-0.996301, -0.068992, 0.0512287, 0.0814487, -0.568128, 0.8189, -0.027393, 0.820043, 0.571646, 0.163277, 0.100324, -0.0506119)
bind/59/name = &"LeftToeBase"
bind/59/bone = -1
bind/59/pose = Transform3D(-0.994559, 0.00720768, 0.103921, 0.103945, 0.00304543, 0.994578, 0.00685212, 0.999969, -0.00377806, 0.157891, -0.114216, -0.000402477)
bind/60/name = &"LeftToe_End"
bind/60/bone = -1
bind/60/pose = Transform3D(1, 0, 0, 0, 1, 0, 0, 0, 1, 0, 0, 0)
bind/61/name = &"RightUpLeg"
bind/61/bone = -1
bind/61/pose = Transform3D(-0.996333, 0.0852275, 0.00750933, -0.0855577, -0.992488, -0.0874473, 1.67138e-10, -0.0877691, 0.996141, -0.166861, 0.97024, 0.0684658)
bind/62/name = &"RightLeg"
bind/62/bone = -1
bind/62/pose = Transform3D(-0.997965, 0.0635192, 0.00559663, -0.0637644, -0.993624, -0.0929766, -0.000344858, -0.0931442, 0.995653, -0.155812, 0.506958, 0.0712085)
bind/63/name = &"RightFoot"
bind/63/bone = -1
bind/63/pose = Transform3D(-0.996325, 0.0687223, -0.0511325, -0.0811439, -0.565989, 0.82041, 0.02744, 0.821544, 0.569485, -0.159615, 0.100289, -0.0511631)
bind/64/name = &"RightToeBase"
bind/64/bone = -1
bind/64/pose = Transform3D(-0.994625, -0.0071382, -0.103299, -0.103323, 0.00306416, 0.994643, -0.00678343, 0.99997, -0.00378523, -0.154232, -0.114907, -0.000365501)
bind/65/name = &"RightToe_End"
bind/65/bone = -1
bind/65/pose = Transform3D(1, 0, 0, 0, 1, 0, 0, 0, 1, 0, 0, 0)
